get msg {402135 [{15001 [0 10 0 0 0 0 0 3000 1 0 0 100 0 0 0 0 0 0 4000 0 1 0 0 0] 0 0 0 0 0 1462550400 1464081258} {15001 [0 10 0 0 0 0 0 3000 1 0 0 100 0 0 0 0 0 0 4000 0 1 0 0 0] 0 0 0 0 0 1462636800 1464081258} {15001 [0 10 0 0 0 0 0 3000 1 0 0 100 0 0 0 0 0 0 4000 0 1 0 0 0] 0 0 0 0 0 1462723200 1464081258} {15001 [0 10 0 0 0 0 0 3000 1 0 0 100 0 0 0 0 0 0 4000 0 1 0 0 0] 0 0 0 0 0 1462809600 1464081258} {15001 [0 10 0 0 0 0 0 3000 1 0 0 100 0 0 0 0 0 0 4000 0 1 0 0 0] 0 0 0 0 0 1462896000 1464081258} {15001 [0 10 0 0 0 0 0 1 1 0 0 100 0 0 0 0 0 0 0 0 1 0 0 0] 0 0 0 0 0 1462982400 1464081258} {15001 [0 10 0 0 0 0 0 1 1 0 0 100 0 0 0 0 0 0 0 0 1 0 0 0] 0 0 0 0 0 1463068800 1464081258}]}
hi in there .. {15001 [0 10 0 0 0 0 0 3000 1 0 0 100 0 0 0 0 0 0 4000 0 1 0 0 0] 0 0 0 0 0 1462550400 1464081258}
user data map[1462550400:{[] [0 10 0 0 0 0 0 3000 1 0 0 100 0 0 0 0 0 0 4000 0 1 0 0 0] 1 0 0 0 1,1 5,6,7,8#3000;18,19,20,21,22,23#4000} 1462636800:{[] [0 10 0 0 0 0 0 3000 1 0 0 100 0 0 0 0 0 0 4000 0 1 0 0 0] 1 0 0 0 1,1 5,6,7,8#3000;18,19,20,21,22,23#4000} 1462723200:{[] [0 10 0 0 0 0 0 3000 1 0 0 100 0 0 0 0 0 0 4000 0 1 0 0 0] 1 0 0 0 1,1 5,6,7,8#3000;18,19,20,21,22,23#4000} 1462809600:{[] [0 10 0 0 0 0 0 3000 1 0 0 100 0 0 0 0 0 0 4000 0 1 0 0 0] 1 0 0 0 1,1 5,6,7,8#3000;18,19,20,21,22,23#4000} 1462896000:{[] [0 10 0 0 0 0 0 3000 1 0 0 100 0 0 0 0 0 0 4000 0 1 0 0 0] 1 0 0 0 1,1 5,6,7,8#3000;18,19,20,21,22,23#4000} 1462982400:{[] [0 10 0 0 0 0 0 1 1 0 0 100 0 0 0 0 0 0 0 0 1 0 0 0] 0 0 0 0 0,0 5,6,7,8#3000;18,19,20,21,22,23#4000} 1463068800:{[] [0 10 0 0 0 0 0 1 1 0 0 100 0 0 0 0 0 0 0 0 1 0 0 0] 0 0 0 0 0,0 5,6,7,8#3000;18,19,20,21,22,23#4000}]
InsertT1N1: Update wanbu_data_walkday_t1 set zmflag = 1,faststepnum = 0,remaineffectiveSteps=0,zmrule = '5,6,7,8#3000;18,19,20,21,22,23#4000',zmstatus='1,1' where userid = 402135 and walkdate = 1462550400
user data map[1463068800:{[] [0 10 0 0 0 0 0 1 1 0 0 100 0 0 0 0 0 0 0 0 1 0 0 0] 0 0 0 0 0,0 5,6,7,8#3000;18,19,20,21,22,23#4000} 1462550400:{[] [0 10 0 0 0 0 0 3000 1 0 0 100 0 0 0 0 0 0 4000 0 1 0 0 0] 1 0 0 0 1,1 5,6,7,8#3000;18,19,20,21,22,23#4000} 1462636800:{[] [0 10 0 0 0 0 0 3000 1 0 0 100 0 0 0 0 0 0 4000 0 1 0 0 0] 1 0 0 0 1,1 5,6,7,8#3000;18,19,20,21,22,23#4000} 1462723200:{[] [0 10 0 0 0 0 0 3000 1 0 0 100 0 0 0 0 0 0 4000 0 1 0 0 0] 1 0 0 0 1,1 5,6,7,8#3000;18,19,20,21,22,23#4000} 1462809600:{[] [0 10 0 0 0 0 0 3000 1 0 0 100 0 0 0 0 0 0 4000 0 1 0 0 0] 1 0 0 0 1,1 5,6,7,8#3000;18,19,20,21,22,23#4000} 1462896000:{[] [0 10 0 0 0 0 0 3000 1 0 0 100 0 0 0 0 0 0 4000 0 1 0 0 0] 1 0 0 0 1,1 5,6,7,8#3000;18,19,20,21,22,23#4000} 1462982400:{[] [0 10 0 0 0 0 0 1 1 0 0 100 0 0 0 0 0 0 0 0 1 0 0 0] 0 0 0 0 0,0 5,6,7,8#3000;18,19,20,21,22,23#4000}]
InsertT1N1: Update wanbu_data_walkday_t1 set zmflag = 1,faststepnum = 0,remaineffectiveSteps=0,zmrule = '5,6,7,8#3000;18,19,20,21,22,23#4000',zmstatus='1,1' where userid = 402135 and walkdate = 1462636800
user data map[1462636800:{[] [0 10 0 0 0 0 0 3000 1 0 0 100 0 0 0 0 0 0 4000 0 1 0 0 0] 1 0 0 0 1,1 5,6,7,8#3000;18,19,20,21,22,23#4000} 1462723200:{[] [0 10 0 0 0 0 0 3000 1 0 0 100 0 0 0 0 0 0 4000 0 1 0 0 0] 1 0 0 0 1,1 5,6,7,8#3000;18,19,20,21,22,23#4000} 1462809600:{[] [0 10 0 0 0 0 0 3000 1 0 0 100 0 0 0 0 0 0 4000 0 1 0 0 0] 1 0 0 0 1,1 5,6,7,8#3000;18,19,20,21,22,23#4000} 1462896000:{[] [0 10 0 0 0 0 0 3000 1 0 0 100 0 0 0 0 0 0 4000 0 1 0 0 0] 1 0 0 0 1,1 5,6,7,8#3000;18,19,20,21,22,23#4000} 1462982400:{[] [0 10 0 0 0 0 0 1 1 0 0 100 0 0 0 0 0 0 0 0 1 0 0 0] 0 0 0 0 0,0 5,6,7,8#3000;18,19,20,21,22,23#4000} 1463068800:{[] [0 10 0 0 0 0 0 1 1 0 0 100 0 0 0 0 0 0 0 0 1 0 0 0] 0 0 0 0 0,0 5,6,7,8#3000;18,19,20,21,22,23#4000} 1462550400:{[] [0 10 0 0 0 0 0 3000 1 0 0 100 0 0 0 0 0 0 4000 0 1 0 0 0] 1 0 0 0 1,1 5,6,7,8#3000;18,19,20,21,22,23#4000}]
InsertT1N1: Update wanbu_data_walkday_t1 set zmflag = 1,faststepnum = 0,remaineffectiveSteps=0,zmrule = '5,6,7,8#3000;18,19,20,21,22,23#4000',zmstatus='1,1' where userid = 402135 and walkdate = 1462723200
user data map[1462982400:{[] [0 10 0 0 0 0 0 1 1 0 0 100 0 0 0 0 0 0 0 0 1 0 0 0] 0 0 0 0 0,0 5,6,7,8#3000;18,19,20,21,22,23#4000} 1463068800:{[] [0 10 0 0 0 0 0 1 1 0 0 100 0 0 0 0 0 0 0 0 1 0 0 0] 0 0 0 0 0,0 5,6,7,8#3000;18,19,20,21,22,23#4000} 1462550400:{[] [0 10 0 0 0 0 0 3000 1 0 0 100 0 0 0 0 0 0 4000 0 1 0 0 0] 1 0 0 0 1,1 5,6,7,8#3000;18,19,20,21,22,23#4000} 1462636800:{[] [0 10 0 0 0 0 0 3000 1 0 0 100 0 0 0 0 0 0 4000 0 1 0 0 0] 1 0 0 0 1,1 5,6,7,8#3000;18,19,20,21,22,23#4000} 1462723200:{[] [0 10 0 0 0 0 0 3000 1 0 0 100 0 0 0 0 0 0 4000 0 1 0 0 0] 1 0 0 0 1,1 5,6,7,8#3000;18,19,20,21,22,23#4000} 1462809600:{[] [0 10 0 0 0 0 0 3000 1 0 0 100 0 0 0 0 0 0 4000 0 1 0 0 0] 1 0 0 0 1,1 5,6,7,8#3000;18,19,20,21,22,23#4000} 1462896000:{[] [0 10 0 0 0 0 0 3000 1 0 0 100 0 0 0 0 0 0 4000 0 1 0 0 0] 1 0 0 0 1,1 5,6,7,8#3000;18,19,20,21,22,23#4000}]
InsertT1N1: Update wanbu_data_walkday_t1 set zmflag = 1,faststepnum = 0,remaineffectiveSteps=0,zmrule = '5,6,7,8#3000;18,19,20,21,22,23#4000',zmstatus='1,1' where userid = 402135 and walkdate = 1462809600
user data map[1462982400:{[] [0 10 0 0 0 0 0 1 1 0 0 100 0 0 0 0 0 0 0 0 1 0 0 0] 0 0 0 0 0,0 5,6,7,8#3000;18,19,20,21,22,23#4000} 1463068800:{[] [0 10 0 0 0 0 0 1 1 0 0 100 0 0 0 0 0 0 0 0 1 0 0 0] 0 0 0 0 0,0 5,6,7,8#3000;18,19,20,21,22,23#4000} 1462550400:{[] [0 10 0 0 0 0 0 3000 1 0 0 100 0 0 0 0 0 0 4000 0 1 0 0 0] 1 0 0 0 1,1 5,6,7,8#3000;18,19,20,21,22,23#4000} 1462636800:{[] [0 10 0 0 0 0 0 3000 1 0 0 100 0 0 0 0 0 0 4000 0 1 0 0 0] 1 0 0 0 1,1 5,6,7,8#3000;18,19,20,21,22,23#4000} 1462723200:{[] [0 10 0 0 0 0 0 3000 1 0 0 100 0 0 0 0 0 0 4000 0 1 0 0 0] 1 0 0 0 1,1 5,6,7,8#3000;18,19,20,21,22,23#4000} 1462809600:{[] [0 10 0 0 0 0 0 3000 1 0 0 100 0 0 0 0 0 0 4000 0 1 0 0 0] 1 0 0 0 1,1 5,6,7,8#3000;18,19,20,21,22,23#4000} 1462896000:{[] [0 10 0 0 0 0 0 3000 1 0 0 100 0 0 0 0 0 0 4000 0 1 0 0 0] 1 0 0 0 1,1 5,6,7,8#3000;18,19,20,21,22,23#4000}]
InsertT1N1: Update wanbu_data_walkday_t1 set zmflag = 1,faststepnum = 0,remaineffectiveSteps=0,zmrule = '5,6,7,8#3000;18,19,20,21,22,23#4000',zmstatus='1,1' where userid = 402135 and walkdate = 1462896000
user data map[1462636800:{[] [0 10 0 0 0 0 0 3000 1 0 0 100 0 0 0 0 0 0 4000 0 1 0 0 0] 1 0 0 0 1,1 5,6,7,8#3000;18,19,20,21,22,23#4000} 1462723200:{[] [0 10 0 0 0 0 0 3000 1 0 0 100 0 0 0 0 0 0 4000 0 1 0 0 0] 1 0 0 0 1,1 5,6,7,8#3000;18,19,20,21,22,23#4000} 1462809600:{[] [0 10 0 0 0 0 0 3000 1 0 0 100 0 0 0 0 0 0 4000 0 1 0 0 0] 1 0 0 0 1,1 5,6,7,8#3000;18,19,20,21,22,23#4000} 1462896000:{[] [0 10 0 0 0 0 0 3000 1 0 0 100 0 0 0 0 0 0 4000 0 1 0 0 0] 1 0 0 0 1,1 5,6,7,8#3000;18,19,20,21,22,23#4000} 1462982400:{[] [0 10 0 0 0 0 0 1 1 0 0 100 0 0 0 0 0 0 0 0 1 0 0 0] 0 0 0 0 0,0 5,6,7,8#3000;18,19,20,21,22,23#4000} 1463068800:{[] [0 10 0 0 0 0 0 1 1 0 0 100 0 0 0 0 0 0 0 0 1 0 0 0] 0 0 0 0 0,0 5,6,7,8#3000;18,19,20,21,22,23#4000} 1462550400:{[] [0 10 0 0 0 0 0 3000 1 0 0 100 0 0 0 0 0 0 4000 0 1 0 0 0] 1 0 0 0 1,1 5,6,7,8#3000;18,19,20,21,22,23#4000}]
InsertT1N1: Update wanbu_data_walkday_t1 set zmflag = 0,faststepnum = 0,remaineffectiveSteps=0,zmrule = '5,6,7,8#3000;18,19,20,21,22,23#4000',zmstatus='0,0' where userid = 402135 and walkdate = 1462982400
user data map[1462723200:{[] [0 10 0 0 0 0 0 3000 1 0 0 100 0 0 0 0 0 0 4000 0 1 0 0 0] 1 0 0 0 1,1 5,6,7,8#3000;18,19,20,21,22,23#4000} 1462809600:{[] [0 10 0 0 0 0 0 3000 1 0 0 100 0 0 0 0 0 0 4000 0 1 0 0 0] 1 0 0 0 1,1 5,6,7,8#3000;18,19,20,21,22,23#4000} 1462896000:{[] [0 10 0 0 0 0 0 3000 1 0 0 100 0 0 0 0 0 0 4000 0 1 0 0 0] 1 0 0 0 1,1 5,6,7,8#3000;18,19,20,21,22,23#4000} 1462982400:{[] [0 10 0 0 0 0 0 1 1 0 0 100 0 0 0 0 0 0 0 0 1 0 0 0] 0 0 0 0 0,0 5,6,7,8#3000;18,19,20,21,22,23#4000} 1463068800:{[] [0 10 0 0 0 0 0 1 1 0 0 100 0 0 0 0 0 0 0 0 1 0 0 0] 0 0 0 0 0,0 5,6,7,8#3000;18,19,20,21,22,23#4000} 1462550400:{[] [0 10 0 0 0 0 0 3000 1 0 0 100 0 0 0 0 0 0 4000 0 1 0 0 0] 1 0 0 0 1,1 5,6,7,8#3000;18,19,20,21,22,23#4000} 1462636800:{[] [0 10 0 0 0 0 0 3000 1 0 0 100 0 0 0 0 0 0 4000 0 1 0 0 0] 1 0 0 0 1,1 5,6,7,8#3000;18,19,20,21,22,23#4000}]
InsertT1N1: Update wanbu_data_walkday_t1 set zmflag = 0,faststepnum = 0,remaineffectiveSteps=0,zmrule = '5,6,7,8#3000;18,19,20,21,22,23#4000',zmstatus='0,0' where userid = 402135 and walkdate = 1463068800
